20
0 0 0 0 0 0 0 0 0 0 0
0 0 0 0 0 22 -12 12 -20 -10 0
0 0 0 0 0 22 -23 18 -28 -24 0
0 -0.09 0 0 0 22 -28 24 -40 -41 0
0 -0.09 0 0 0 -24 -28 24 -40 -41 0
0 -0.09 0 0 34 -24 -28 24 -40 -41 0
0 -0.09 0 0 34 -24 -28 24 -40 -41 -43
0 -0.09 0 0 34 -24 -3 8 -40 -41 -61
0 -0.1 0 0 34 -24 9 -4 -40 -41 -82
0 -0.23 0 0 34 -24 9 -4 -40 -7 -91
0 -0.15 0 0 24 -24 9 -4 -40 -7 -193
0 -0.15 0 0 24 -24 84 -88 -69 -7 -186
0 -0.15 0 0 24 -24 84 -88 -69 -7 -254
0 -0.15 0 0 24 -24 84 -88 -69 -7 -367
0 -0.15 0 0 24 -24 40 -42 -69 -7 -367
0 -0.05 0 0 24 -24 16 -12 -35 -9 -368
0 0.03 0 0 24 -24 -17 12 5 -9 -368
0.22 0.03 0 0 24 -24 -5 4 5 2 -358
0.22 0.03 0 0 24 -24 13 -87 5 2 -358
0.22 0.03 0 0 44 84 13 -87 0 2 -358
